[[[  40.7801,   42.3038],
         [ -12.2825,  -12.6538],
         [  -1.0000,   -1.0000]],

        [[ 145.3000,  142.9000],
         [   7.4000,    8.1000],
         [  -5.0000,   -5.0000]],

        [[-125.8580, -125.8870],
         [  16.7079,   19.4969],
         [  -1.0000,   -1.0000]],

        [[ 102.6190,   97.4791],
         [ -18.3083,  -19.3289],
         [   0.0000,    0.0000]],

        [[ 126.0050,  124.6690],
         [  20.2641,   18.6425],
         [  -3.0000,   -3.0000]],

        [[ 144.1570,  138.3350],
         [   4.7499,    5.3499],
         [  -1.0000,   -1.0000]],

        [[ 154.5400,  154.0460],
         [ -18.5302,  -17.6532],
         [   2.0000,    2.0000]],

        [[ 142.8500,  142.5830],
         [  21.7150,   22.9550],
         [  -1.0000,   -1.0000]],

        [[ 136.9380,  133.2180],
         [  14.1841,   13.7334],
         [   0.0000,    0.0000]],

        [[-166.6670, -166.6670],
         [   7.5333,    8.7333],
         [  -3.0000,   -3.0000]],

        [[ 147.9150,  148.4820],
         [ -18.1146,  -18.0756],
         [  -1.0000,   -1.0000]],

        [[ 130.2070,  126.5040],
         [  17.8829,   20.5611],
         [   0.0000,    0.0000]],

        [[ 154.9450,  150.5220],
         [   6.7849,    8.1422],
         [  -1.0000,   -1.0000]],

        [[-163.4000, -170.0000],
         [  15.1000,   14.7000],
         [  -1.0000,   -1.0000]],

        [[ 135.7250,  130.2000],
         [  22.3750,   25.2500],
         [  -1.0000,   -1.0000]],

        [[ 164.6000,  166.1920],
         [   4.2000,    4.5750],
         [  -1.0000,   -1.0000]],

        [[  62.0000,   62.0000],
         [ -23.0000,  -25.0000],
         [  -5.0000,   -5.0000]],

        [[ 156.5000,  159.7000],
         [   5.0000,    5.7000],
         [  -1.0000,   -1.0000]],

        [[  50.3273,   48.0293],
         [ -23.5641,  -24.2614],
         [  -5.0000,   -5.0000]],

        [[ 133.6910,  131.8940],
         [  13.6035,   14.7167],
         [  -3.0000,   -3.0000]],

        [[ 139.5000,  133.5000],
         [ -15.2333,  -19.2000],
         [   0.0000,    0.0000]],

        [[ 126.3140,  123.0710],
         [  16.5049,   18.7523],
         [   0.0000,    0.0000]],

        [[ 129.1450,  123.1080],
         [  13.6861,   13.7253],
         [  -1.0000,   -1.0000]],

        [[-124.6910, -127.5980],
         [  20.5087,   20.8056],
         [  -1.0000,   -1.0000]],

        [[  60.8550,   59.1423],
         [ -17.7692,  -17.7879],
         [  -5.0000,   -1.0000]],

        [[ -56.1252,  -50.7753],
         [  32.0499,   37.6414],
         [   3.0000,    2.0000]],

        [[ 110.8760,  109.9540],
         [  20.6684,   22.3785],
         [   0.0000,    0.0000]],

        [[ 136.1000,  136.0000],
         [ -16.1000,  -17.1000],
         [  -5.0000,   -5.0000]],

        [[ 155.2000,  151.3070],
         [   7.0000,    7.9143],
         [  -1.0000,   -1.0000]],

        [[ 131.0880,  125.7580],
         [  24.7833,   26.9856],
         [   2.0000,    2.0000]],

        [[ 167.4000,  165.7000],
         [  48.3000,   49.5000],
         [  -5.0000,   -5.0000]],

        [[ -92.2000,  -94.6796],
         [  27.1000,   29.8304],
         [   0.0000,    0.0000]],

        [[ 154.2750,  153.7440],
         [  37.1166,   41.9812],
         [  -5.0000,   -5.0000]],

        [[-136.5000, -136.6000],
         [  22.5000,   24.5000],
         [  -3.0000,   -3.0000]],

        [[ 127.4500,  125.7750],
         [  25.5194,   27.5250],
         [   2.0000,    2.0000]],

        [[  65.4000,   60.3000],
         [ -17.6000,  -17.5000],
         [  -1.0000,   -1.0000]],

        [[ 140.8160,  135.9840],
         [  17.1414,   18.7393],
         [  -1.0000,   -1.0000]],

        [[ 118.2430,  115.2720],
         [  24.5361,   26.7901],
         [   1.0000,    0.0000]],

        [[ 105.5670,  103.3290],
         [ -17.3328,  -17.1351],
         [   0.0000,    0.0000]],

        [[ 131.4070,  127.1550],
         [  -8.6624,  -10.8700],
         [  -1.0000,   -1.0000]],

        [[ 115.2440,  112.9220],
         [  26.5739,   27.2925],
         [  -5.0000,   -5.0000]],

        [[  79.0000,   70.9000],
         [  -3.6000,   -6.3000],
         [  -1.0000,   -1.0000]],

        [[  47.3017,   48.1849],
         [ -21.6875,  -20.1858],
         [  -1.0000,   -1.0000]],

        [[ 130.1090,  131.0790],
         [  23.5676,   25.3264],
         [   1.0000,    1.0000]],

        [[ 172.8700,  173.7280],
         [ -17.5028,  -18.1067],
         [  -1.0000,   -1.0000]],

        [[ 120.9750,  121.8500],
         [  25.4250,   29.1250],
         [   0.0000,    0.0000]],

        [[ 155.0260,  153.7650],
         [ -19.0556,  -17.0547],
         [  -5.0000,   -5.0000]],

        [[ 139.0000,  136.7000],
         [  13.7800,   16.1200],
         [   1.0000,    1.0000]],

        [[ 130.0220,  136.2970],
         [  18.2854,   20.8938],
         [  -5.0000,   -5.0000]],

        [[ -84.3077,  -86.7277],
         [  23.2499,   24.9074],
         [   1.0000,    1.0000]],

        [[ -72.6348,  -77.3000],
         [  26.3071,   26.7000],
         [   1.0000,    2.0000]],

        [[ -70.7000,  -61.4000],
         [  38.2000,   39.0000],
         [   2.0000,    2.0000]],

        [[ 133.8840,  130.4120],
         [  11.7993,   12.4650],
         [   2.0000,    3.0000]],

        [[ 152.4190,  150.6740],
         [  10.4254,   10.7246],
         [   0.0000,    0.0000]],

        [[  73.0433,   70.3858],
         [ -11.8158,  -13.7433],
         [  -1.0000,   -1.0000]],

        [[-121.2130, -125.0860],
         [  20.2592,   19.7486],
         [  -1.0000,   -1.0000]],

        [[  90.5029,   86.9932],
         [ -13.1314,  -13.1823],
         [   1.0000,    2.0000]],

        [[ 178.4620,  173.1530],
         [  24.7901,   27.2712],
         [   2.0000,    2.0000]],

        [[ 163.6000,  164.1500],
         [  40.1000,   40.4000],
         [  -5.0000,   -5.0000]],

        [[ 104.8250,  106.4060],
         [ -18.1179,  -19.1021],
         [   2.0000,    2.0000]],

        [[ 161.0400,  169.4670],
         [  36.9451,   36.2333],
         [   0.0000,    0.0000]],

        [[ 161.2740,  158.1640],
         [   7.0500,    8.6375],
         [  -5.0000,   -5.0000]],

        [[ -78.9303,  -80.6425],
         [  17.9424,   20.4850],
         [  -1.0000,   -1.0000]],

        [[ 137.4000,  144.5540],
         [  27.7000,   34.5231],
         [   3.0000,    3.0000]]]
         
[[ 2.0534e+00, -4.6388e-01, -2.8576e-40],
        [-2.2412e+00,  6.5523e-01,  1.7889e-41],
        [ 4.8190e-01,  2.8497e+00,  2.5237e-41],
        [-4.4767e+00, -1.2082e+00, -2.3594e-41],
        [-1.2670e+00, -1.6904e+00, -6.4058e-41],
        [-5.6360e+00,  4.0429e-01, -9.4997e-41],
        [-8.9616e-02,  5.9197e-01, -3.5806e-40],
        [-2.6977e-01,  9.6226e-01,  2.2087e-41],
        [-3.9919e+00, -5.9058e-01, -7.0205e-43],
        [ 1.4758e-01,  9.7381e-01,  1.5107e-41],
        [ 6.6930e-01,  4.7410e-01, -2.2031e-40],
        [-2.5425e+00,  3.1584e+00, -3.4756e-41],
        [-4.2949e+00,  1.4714e+00, -7.5180e-42],
        [-6.7534e+00, -4.1054e-01, -2.7558e-41],
        [-5.3497e+00,  3.5631e+00, -9.0905e-41],
        [ 1.7427e+00,  2.9251e-01,  3.9739e-41],
        [ 7.3944e-02, -2.3211e+00, -1.1624e-40],
        [ 4.3527e+00,  6.7696e-01, -6.1615e-42],
        [-2.4318e+00,  3.0546e-02, -1.5689e-40],
        [-1.3031e+00,  1.0726e+00, -5.6420e-41],
        [-5.8433e+00, -3.7125e+00, -1.6175e-40],
        [-3.1100e+00,  2.1372e+00, -9.3596e-41],
        [-6.3200e+00,  3.8048e-02,  6.2512e-42],
        [-2.4196e+00,  2.1524e-01, -8.1478e-41],
        [-1.4840e+00, -2.0737e-01, -3.1248e-40],
        [ 6.2540e+00,  6.2792e+00, -6.4678e-41],
        [-3.1087e-01,  1.2301e+00, -2.4384e-41],
        [ 5.2779e-01, -1.3338e+00, -3.4279e-40],
        [-3.6911e+00,  7.9541e-01, -6.0048e-41],
        [-5.1287e+00,  2.2798e+00, -1.6471e-40],
        [-1.6823e+00,  1.3603e+00, -1.3899e-40],
        [-2.4701e+00,  2.5293e+00, -3.4657e-41],
        [ 4.0143e-01,  5.2063e+00,  1.1659e-42],
        [ 2.8785e-01,  1.7589e+00,  2.5059e-41],
        [-1.7493e+00,  1.9441e+00, -8.8608e-41],
        [-4.9987e+00,  5.8444e-01, -7.7787e-41],
        [-4.7150e+00,  1.6181e+00, -7.9539e-41],
        [-3.0159e+00,  1.8897e+00,  1.5039e-41],
        [-1.6182e+00, -2.2888e-01, -1.0139e-40],
        [-3.9622e+00, -2.3673e+00, -1.6413e-40],
        [-1.2592e+00,  1.0833e+00, -5.0325e-41],
        [-7.7992e+00, -2.5669e+00, -2.3507e-40],
        [ 9.4019e-01,  1.7148e+00, -2.6070e-40],
        [ 1.3537e+00,  2.0014e+00, -5.3958e-41],
        [ 1.1899e+00, -6.9494e-01, -3.0601e-40],
        [ 1.5685e+00,  3.7064e+00, -9.3357e-41],
        [-3.2307e-01,  1.6241e+00, -2.9431e-41],
        [-2.1783e+00,  2.3834e+00, -1.4300e-40],
        [ 6.2487e+00,  1.7949e+00,  1.5913e-41],
        [-2.1401e+00,  1.4197e+00, -1.1201e-40],
        [-4.2126e+00,  4.9101e-02, -3.9731e-41],
        [ 9.7496e+00,  5.0143e-01,  1.0503e-40],
        [-3.5669e+00,  5.2996e-01, -1.1582e-40],
        [-1.4536e+00,  4.8829e-01, -1.4097e-42],
        [-1.6736e+00, -2.0249e+00, -2.5525e-40],
        [-3.6850e+00, -2.5618e-01, -5.9835e-42],
        [-3.1460e+00, -3.6922e-01, -2.0970e-40],
        [-5.1701e+00,  2.6999e+00, -1.4004e-40],
        [ 1.8153e+00,  5.6816e-01,  3.5310e-41],
        [ 2.7344e+00, -1.3562e+00, -2.1898e-40],
        [ 8.9956e+00, -6.4990e-01,  1.2816e-40],
        [-2.6367e+00,  1.4392e+00, -1.0985e-40],
        [-1.2846e+00,  2.8233e+00, -2.5753e-41],
        [ 8.3524e+00,  7.9773e+00, -3.3862e-41]]
Valid: 
[ 2.0534e+00, -4.6388e-01]
[  40.7801,   42.3038]
[ -12.2825,  -12.6538]

Test:
[[ 152.9660,  151.0250],
         [  18.0238,   19.7852],
         [   1.0000,    2.0000]]

(151.025, 

151.3972
20.3549


[-1.5688e+00,  2.3311e+00, -5.8298e-41]

[[ 114.3030,  113.6140],
         [  13.8845,   13.0733],
         [  -1.0000,   -1.0000]]
         

[-3.9647e-01, -5.2210e-01,  3.7503e-41]